0	0	84	0	50	34	38	43	41	32	30	34	20	17	12	9	11	7	2	0	2	2	0	0	2	0	0	0	0	0	0	0	0	0	0	0	0	0	1	0	0	0	0	0	0	0	0	0	0	0	0	0	0	0	0	0	0	0	0	0	0	0	0	0	0
0	0	90	0	67	32	17	34	33	24	23	29	19	29	11	7	7	6	3	0	1	1	1	0	0	0	0	0	0	0	0	0	0	0	0	0	0	0	0	1	0	0	0	0	0	0	0	0	0	0	0	0	0	0	0	0	0	0	0	0	0	0	0	0	0
0	0	68	0	46	32	27	40	28	22	31	31	24	17	16	7	8	2	5	2	2	2	1	0	2	0	0	0	0	0	0	0	0	0	0	0	0	0	0	1	0	0	0	0	0	0	0	0	0	0	0	0	0	0	0	0	0	0	0	0	0	0	0	0	0
0	0	73	0	51	31	29	46	31	23	34	21	23	14	10	10	9	4	3	2	2	0	2	0	0	0	0	0	1	0	0	0	0	0	0	0	0	0	0	1	0	0	0	0	0	0	0	0	0	0	0	0	0	0	0	0	0	0	0	0	0	0	0	0	0
0	0	96	0	48	39	22	44	26	20	28	20	30	18	10	11	3	4	3	2	1	0	0	1	1	0	0	0	1	0	0	0	0	0	0	0	0	0	0	1	0	0	0	0	0	0	0	0	0	0	0	0	0	0	0	0	0	0	0	0	0	0	0	0	0
0	0	80	0	45	29	21	35	31	23	25	31	28	18	14	15	9	3	4	2	3	0	1	0	0	0	0	0	0	0	0	0	0	0	0	0	0	0	0	1	0	0	0	0	0	0	0	0	0	0	0	0	0	0	0	0	0	0	0	0	0	0	0	0	0
0	0	61	0	40	29	15	28	28	18	26	25	29	20	11	12	7	5	2	0	2	1	0	0	0	0	0	1	0	0	0	0	0	0	0	0	0	0	0	0	1	0	0	0	0	0	0	0	0	0	0	0	0	0	0	0	0	0	0	0	0	0	0	0	0
0	0	106	0	76	54	40	52	46	28	27	20	22	23	7	9	6	3	4	1	0	2	0	2	0	0	1	0	0	0	0	0	0	0	0	0	0	1	0	0	0	0	0	0	0	0	0	0	0	0	0	0	0	0	0	0	0	0	0	0	0	0	0	0	0
0	0	74	0	59	43	42	61	33	16	29	23	21	12	8	9	2	7	2	0	1	1	2	0	0	0	0	1	0	0	0	0	0	0	0	0	0	0	0	1	0	0	0	0	0	0	0	0	0	0	0	0	0	0	0	0	0	0	0	0	0	0	0	0	0
0	0	98	0	62	40	26	59	36	34	37	28	27	24	17	10	5	4	1	0	1	0	0	0	0	1	1	0	0	0	0	0	0	0	0	0	0	0	1	0	0	0	0	0	0	0	0	0	0	0	0	0	0	0	0	0	0	0	0	0	0	0	0	0	0
0	0	105	0	66	36	36	39	40	25	31	16	33	21	21	4	12	7	2	2	0	0	2	0	0	0	0	1	0	0	0	0	0	0	0	0	0	0	1	0	0	0	0	0	0	0	0	0	0	0	0	0	0	0	0	0	0	0	0	0	0	0	0	0	0
0	0	131	0	72	35	28	59	32	27	32	37	26	23	15	6	7	2	2	0	3	2	0	2	3	0	0	0	0	0	0	0	0	0	0	0	0	0	1	0	0	0	0	0	0	0	0	0	0	0	0	0	0	0	0	0	0	0	0	0	0	0	0	0	0
0	0	62	0	41	31	25	53	31	19	29	19	22	15	10	6	9	6	5	1	1	0	0	0	0	0	0	0	0	0	0	0	0	0	0	0	0	0	0	0	1	0	0	0	0	0	0	0	0	0	0	0	0	0	0	0	0	0	0	0	0	0	0	0	0
0	0	116	0	66	48	28	40	32	26	36	22	16	18	11	6	2	2	2	2	0	0	1	0	1	0	0	0	1	0	0	0	0	0	0	0	0	0	0	1	0	0	0	0	0	0	0	0	0	0	0	0	0	0	0	0	0	0	0	0	0	0	0	0	0
0	0	121	0	74	32	18	40	37	31	30	34	23	15	17	10	8	7	0	3	0	1	0	0	1	0	1	0	0	0	0	0	0	0	0	0	0	0	0	1	0	0	0	0	0	0	0	0	0	0	0	0	0	0	0	0	0	0	0	0	0	0	0	0	0
0	0	101	0	56	27	22	41	32	22	28	22	28	24	18	7	8	3	1	1	4	0	0	1	1	0	1	0	0	0	0	0	0	0	0	0	0	0	0	1	0	0	0	0	0	0	0	0	0	0	0	0	0	0	0	0	0	0	0	0	0	0	0	0	0
0	0	105	0	59	38	29	49	42	29	31	37	24	21	10	8	7	7	2	2	2	0	1	2	0	0	0	0	0	0	0	0	0	0	0	0	0	0	1	0	0	0	0	0	0	0	0	0	0	0	0	0	0	0	0	0	0	0	0	0	0	0	0	0	0
0	0	73	0	51	24	29	28	33	21	32	24	34	19	14	8	4	6	3	1	1	1	0	0	0	0	0	0	0	0	0	0	0	0	0	0	0	0	0	0	1	0	0	0	0	0	0	0	0	0	0	0	0	0	0	0	0	0	0	0	0	0	0	0	0
0	0	46	0	41	26	22	31	23	23	26	31	23	23	14	13	15	5	3	0	1	0	0	0	1	0	1	0	0	0	0	0	0	0	0	0	0	0	0	1	0	0	0	0	0	0	0	0	0	0	0	0	0	0	0	0	0	0	0	0	0	0	0	0	0
0	0	81	0	76	35	31	51	44	18	22	25	36	20	13	5	7	7	3	1	1	0	1	2	0	0	0	0	0	0	0	0	0	0	0	0	0	0	0	1	0	0	0	0	0	0	0	0	0	0	0	0	0	0	0	0	0	0	0	0	0	0	0	0	0
0	0	88.55	0	57.3	34.75	27.25	43.65	33.95	24.05	29.35	26.45	25.4	19.55	12.95	8.6	7.3	4.85	2.6	1.1	1.4	0.65	0.6	0.5	0.6	0.05	0.25	0.15	0.15	0	0	0	0	0	0	0	0	0.05	0.25	0.55	0.15	0	0	0	0	0	0	0	0	0	0	0	0	0	0	0	0	0	0	0	0	0	0	0	0
0	0	22.122803191563037	0	12.135636951166854	7.404657140504282	7.489466286936466	10.011966524325304	6.091192952037176	4.946822478276227	3.9239480655396846	6.27002056573476	5.215361924162119	4.097174893174949	3.605186322654161	2.7796251167151453	3.229795496214648	1.8994459025837258	1.2732056517228265	0.9679060415469871	1.0954451150103321	0.812727700887249	0.7539370349250519	0.8271701918685112	0.8825799501580878	0.22360679774997894	0.4442616583193193	0.3663475485325232	0.3663475485325232	0	0	0	0	0	0	0	0	0.22360679774997894	0.4442616583193193	0.5104177855340404	0.36634754853252327	0	0	0	0	0	0	0	0	0	0	0	0	0	0	0	0	0	0	0	0	0	0	0	0
2.5	2.6	2.7	2.8	2.9	3	3.1	3.2	3.3	3.4	3.5	3.6	3.7	3.8	3.9000000000000004	4	4.1	4.2	4.3	4.4	4.5	4.6	4.7	4.800000000000001	4.9	5	5.1	5.2	5.300000000000001	5.4	5.5	5.6	5.7	5.800000000000001	5.9	6	6.1	6.2	6.300000000000001	6.4	6.5	6.6000000000000005	6.7	6.8	6.9	7	7.1000000000000005	7.2	7.300000000000001	7.4	7.5	7.6000000000000005	7.7	7.800000000000001	7.9	8	8.100000000000001	8.2	8.3	8.4	8.5	8.600000000000001	8.7	8.8	8.9
