0	0	0	0	0	0	0	0	0	0	0	0	0	0	0	0	0	0	0	0	100	46	43	40	52	52	45	20	26	25	19	16	4	6	0	2	0	0	1	1	0	1	0	0	0	1	0	0	0	0	1	0	0	0	0	0	0	0	0	0	0	0	0	0	0
0	0	0	0	0	0	0	0	0	0	0	0	0	0	0	0	0	0	0	0	71	58	38	25	49	35	41	29	38	30	27	12	10	2	1	0	1	0	0	0	0	1	0	0	0	0	0	0	0	0	0	1	0	0	0	0	0	0	0	0	0	0	0	0	0
0	0	0	0	0	0	0	0	0	0	0	0	0	0	0	0	0	0	0	0	76	45	27	18	37	30	40	29	29	17	19	9	16	5	2	2	3	1	0	0	0	0	0	0	0	0	0	0	0	0	0	0	1	0	0	0	0	0	0	0	0	0	0	0	0
0	0	0	0	0	0	0	0	0	0	0	0	0	0	0	0	0	0	0	0	67	46	23	25	31	33	22	26	34	25	20	13	12	4	2	4	2	0	0	1	1	0	0	1	0	0	0	0	0	0	0	0	1	0	0	0	0	0	0	0	0	0	0	0	0
0	0	0	0	0	0	0	0	0	0	0	0	0	0	0	0	0	0	0	0	69	48	34	28	50	24	44	26	38	17	15	17	7	2	6	1	0	2	0	1	0	0	0	0	0	0	0	1	0	0	0	1	0	0	0	0	0	0	0	0	0	0	0	0	0
0	0	0	0	0	0	0	0	0	0	0	0	0	0	0	0	0	0	0	0	86	48	28	21	55	29	33	35	33	23	28	8	7	4	4	0	1	1	1	1	0	0	0	0	0	0	0	0	0	0	0	0	1	0	0	0	0	0	0	0	0	0	0	0	0
0	0	0	0	0	0	0	0	0	0	0	0	0	0	0	0	0	0	0	0	57	43	24	27	26	26	38	32	23	20	20	10	11	6	4	3	0	2	0	0	0	0	0	0	0	0	0	0	0	0	0	0	1	0	0	0	0	0	0	0	0	0	0	0	0
0	0	0	0	0	0	0	0	0	0	0	0	0	0	0	0	0	0	0	0	101	74	40	35	50	38	56	39	30	16	10	14	6	2	2	1	2	3	1	0	1	0	0	0	0	0	0	0	0	0	1	0	0	0	0	0	0	0	0	0	0	0	0	0	0
0	0	0	0	0	0	0	0	0	0	0	0	0	0	0	0	0	0	0	0	69	43	35	29	42	28	28	17	30	21	21	8	9	2	1	0	2	1	1	0	0	0	0	0	0	0	0	1	0	0	0	1	0	0	0	0	0	0	0	0	0	0	0	0	0
0	0	0	0	0	0	0	0	0	0	0	0	0	0	0	0	0	0	0	0	94	50	43	23	44	43	37	29	38	28	23	11	6	7	1	1	1	0	0	0	1	0	0	0	0	0	0	0	0	0	0	1	0	0	0	0	0	0	0	0	0	0	0	0	0
0	0	0	0	0	0	0	0	0	0	0	0	0	0	0	0	0	0	0	0	87	58	50	35	35	31	42	24	32	23	17	6	9	6	2	2	1	0	0	0	1	0	0	0	0	0	0	0	0	0	0	0	1	0	0	0	0	0	0	0	0	0	0	0	0
0	0	0	0	0	0	0	0	0	0	0	0	0	0	0	0	0	0	0	0	99	54	35	31	39	39	38	31	32	39	25	13	5	3	2	3	2	1	2	0	1	0	0	0	0	0	0	0	0	0	0	1	0	0	0	0	0	0	0	0	0	0	0	0	0
0	0	0	0	0	0	0	0	0	0	0	0	0	0	0	0	0	0	0	0	70	28	28	22	33	38	32	21	26	28	16	14	12	4	0	1	2	2	0	0	2	0	0	0	0	0	0	0	0	0	0	0	1	0	0	0	0	0	0	0	0	0	0	0	0
0	0	0	0	0	0	0	0	0	0	0	0	0	0	0	0	0	0	0	0	87	48	40	26	42	36	35	38	36	24	11	14	7	3	1	3	4	1	0	0	1	1	0	0	0	0	0	0	0	0	0	1	0	0	0	0	0	0	0	0	0	0	0	0	0
0	0	0	0	0	0	0	0	0	0	0	0	0	0	0	0	0	0	0	0	109	53	45	39	51	40	46	18	38	27	11	11	5	2	6	2	1	1	0	0	0	0	0	0	0	0	0	0	0	0	0	0	1	0	0	0	0	0	0	0	0	0	0	0	0
0	0	0	0	0	0	0	0	0	0	0	0	0	0	0	0	0	0	0	0	74	54	27	25	38	34	53	33	30	26	18	8	6	3	0	2	2	1	0	0	0	1	0	0	0	0	0	0	0	0	0	0	1	0	0	0	0	0	0	0	0	0	0	0	0
0	0	0	0	0	0	0	0	0	0	0	0	0	0	0	0	0	0	0	0	90	58	43	38	55	46	45	38	38	33	15	19	6	4	3	1	2	0	1	0	0	0	0	0	0	1	0	0	0	1	0	0	0	0	0	0	0	0	0	0	0	0	0	0	0
0	0	0	0	0	0	0	0	0	0	0	0	0	0	0	0	0	0	0	0	57	26	30	22	31	29	32	29	29	15	25	18	11	2	2	1	1	0	2	0	0	0	0	0	0	0	0	0	0	0	0	0	0	1	0	0	0	0	0	0	0	0	0	0	0
0	0	0	0	0	0	0	0	0	0	0	0	0	0	0	0	0	0	0	0	66	42	29	21	34	31	34	23	29	21	20	19	10	7	3	0	3	0	2	1	1	0	0	0	0	0	0	0	0	0	0	0	1	0	0	0	0	0	0	0	0	0	0	0	0
0	0	0	0	0	0	0	0	0	0	0	0	0	0	0	0	0	0	0	0	73	37	40	15	41	43	37	29	36	18	20	13	11	3	2	2	1	0	0	0	0	0	0	0	0	0	0	0	0	0	0	0	1	0	0	0	0	0	0	0	0	0	0	0	0
0	0	0	0	0	0	0	0	0	0	0	0	0	0	0	0	0	0	0	0	80.1	47.95	35.1	27.25	41.75	35.25	38.9	28.3	32.25	23.8	19	12.65	8.5	3.85	2.2	1.55	1.55	0.8	0.55	0.25	0.45	0.2	0	0.05	0	0.1	0	0.1	0	0.05	0.1	0.3	0.5	0.05	0	0	0	0	0	0	0	0	0	0	0
0	0	0	0	0	0	0	0	0	0	0	0	0	0	0	0	0	0	0	0	15.251919637592474	10.723682596060582	7.792709143133322	7.099851740483184	8.711003326102478	7.188257969186898	8.077910099706939	6.513952636254613	4.632550735371332	6.083627726594509	5.109330989268041	3.842627938492642	3.0864730339780526	1.7554426642213128	1.7350868323485926	1.1459310165698642	1.0500626547722611	0.894427190999916	0.7591546545162482	0.4442616583193193	0.6048053188292994	0.4103913408340617	0	0.22360679774997894	0	0.30779350562554625	0	0.30779350562554625	0	0.22360679774997894	0.30779350562554625	0.4701623459816272	0.512989176042577	0.22360679774997894	0	0	0	0	0	0	0	0	0	0	0
2.5	2.6	2.7	2.8	2.9	3	3.1	3.2	3.3	3.4	3.5	3.6	3.7	3.8	3.9000000000000004	4	4.1	4.2	4.3	4.4	4.5	4.6	4.7	4.800000000000001	4.9	5	5.1	5.2	5.300000000000001	5.4	5.5	5.6	5.7	5.800000000000001	5.9	6	6.1	6.2	6.300000000000001	6.4	6.5	6.6000000000000005	6.7	6.8	6.9	7	7.1000000000000005	7.2	7.300000000000001	7.4	7.5	7.6000000000000005	7.7	7.800000000000001	7.9	8	8.100000000000001	8.2	8.3	8.4	8.5	8.600000000000001	8.7	8.8	8.9
